X
(000:099:001) =          0        0.1        0.2        0.3        0.4        0.5        0.6        0.7        0.8        0.9          1        1.1        1.2        1.3        1.4        1.5        1.6        1.7        1.8        1.9          2        2.1        2.2        2.3        2.4        2.5        2.6        2.7        2.8        2.9          3        3.1        3.2        3.3        3.4        3.5        3.6        3.7        3.8        3.9          4        4.1        4.2        4.3        4.4        4.5        4.6        4.7        4.8        4.9          5        5.1        5.2        5.3        5.4        5.5        5.6        5.7        5.8        5.9          6        6.1        6.2        6.3        6.4        6.5        6.6        6.7        6.8        6.9          7        7.1        7.2        7.3        7.4        7.5        7.6        7.7        7.8        7.9          8        8.1        8.2        8.3        8.4        8.5        8.6        8.7        8.8        8.9          9        9.1        9.2        9.3        9.4        9.5        9.6        9.7        9.8        9.9

Y
(000:009:001) =          0        0.2        0.4        0.6        0.8          1        1.2        1.4        1.6        1.8

W
(000:099:001,000) =          0          0          0          0          0          0          0          0          0          0          0          0          0          0          0          0          0          0          0          0          0          0          0          0          0          0          0          0          0          0          0          0          0          0          0          0          0          0          0          0          0          0          0          0          0          0          0          0          0          0          0          0          0          0          0          0          0          0          0          0          0          0          0         -0         -0         -0         -0         -0         -0         -0         -0         -0         -0         -0         -0         -0         -0         -0         -0         -0         -0         -0         -0         -0         -0         -0         -0         -0         -0         -0         -0         -0         -0         -0         -0         -0         -0         -0         -0         -0
(000:099:001,001) =          0  0.0004998  0.0009983   0.001494   0.001987   0.002474   0.002955   0.003429   0.003894    0.00435   0.004794   0.005227   0.005646   0.006052   0.006442   0.006816   0.007173   0.007513   0.007833   0.008134   0.008415   0.008674   0.008912   0.009127    0.00932    0.00949   0.009635   0.009757   0.009854   0.009927   0.009975   0.009998   0.009996   0.009968   0.009916    0.00984   0.009738   0.009613   0.009463   0.009289   0.009093   0.008873   0.008632   0.008369   0.008085   0.007781   0.007457   0.007115   0.006755   0.006378   0.005985   0.005577   0.005155    0.00472   0.004274   0.003817    0.00335   0.002875   0.002392   0.001904   0.001411  0.0009146  0.0004158 -8.407e-05 -0.0005837  -0.001082  -0.001577  -0.002069  -0.002555  -0.003035  -0.003508  -0.003971  -0.004425  -0.004868  -0.005298  -0.005716  -0.006118  -0.006506  -0.006878  -0.007232  -0.007568  -0.007885  -0.008183   -0.00846  -0.008716   -0.00895  -0.009162   -0.00935  -0.009516  -0.009658  -0.009775  -0.009868  -0.009937   -0.00998  -0.009999  -0.009993  -0.009961  -0.009905  -0.009824  -0.009719
(000:099:001,002) =          0  0.0009995   0.001997   0.002989   0.003973   0.004948    0.00591   0.006857   0.007788   0.008699   0.009588    0.01045    0.01129     0.0121    0.01288    0.01363    0.01435    0.01502    0.01567    0.01627    0.01683    0.01735    0.01782    0.01825    0.01864    0.01898    0.01927    0.01951    0.01971    0.01985    0.01995    0.01999    0.01999    0.01994    0.01983    0.01968    0.01948    0.01922    0.01892    0.01858    0.01818    0.01775    0.01726    0.01674    0.01617    0.01556    0.01491    0.01423    0.01351    0.01275    0.01197    0.01115    0.01031    0.00944   0.008547   0.007633   0.006699   0.005749   0.004785   0.003808   0.002822   0.001829  0.0008316 -0.0001681  -0.001167  -0.002164  -0.003155  -0.004138   -0.00511   -0.00607  -0.007015  -0.007942   -0.00885  -0.009735    -0.0106   -0.01143   -0.01224   -0.01301   -0.01375   -0.01446   -0.01514   -0.01577   -0.01636   -0.01692   -0.01743    -0.0179   -0.01832    -0.0187   -0.01903   -0.01931   -0.01955   -0.01974   -0.01987   -0.01996      -0.02   -0.01998   -0.01992   -0.01981   -0.01965   -0.01944
(000:099:001,003) =          0   0.001499   0.002995   0.004482   0.005959   0.007421   0.008864    0.01029    0.01168    0.01305    0.01438    0.01568    0.01694    0.01815    0.01932    0.02045    0.02152    0.02254     0.0235     0.0244    0.02524    0.02602    0.02673    0.02738    0.02796    0.02847     0.0289    0.02927    0.02956    0.02978    0.02992    0.02999    0.02998     0.0299    0.02975    0.02952    0.02921    0.02883    0.02838    0.02786    0.02727    0.02662    0.02589     0.0251    0.02425    0.02334    0.02237    0.02134    0.02026    0.01913    0.01795    0.01673    0.01546    0.01416    0.01282    0.01145    0.01005   0.008623   0.007176   0.005712   0.004233   0.002744   0.001247 -0.0002522  -0.001751  -0.003245  -0.004732  -0.006206  -0.007665  -0.009105   -0.01052   -0.01191   -0.01327    -0.0146   -0.01589   -0.01714   -0.01835   -0.01952   -0.02063   -0.02169    -0.0227   -0.02365   -0.02454   -0.02538   -0.02614   -0.02685   -0.02748   -0.02805   -0.02854   -0.02897   -0.02932    -0.0296   -0.02981   -0.02994   -0.02999   -0.02997   -0.02988   -0.02971   -0.02947   -0.02915
(000:099:001,004) =          0   0.001999   0.003992   0.005976   0.007945   0.009894    0.01182    0.01371    0.01557    0.01739    0.01917     0.0209    0.02258     0.0242    0.02576    0.02726    0.02869    0.03004    0.03132    0.03253    0.03365    0.03469    0.03564     0.0365    0.03727    0.03795    0.03853    0.03902    0.03941     0.0397    0.03989    0.03998    0.03997    0.03986    0.03966    0.03935    0.03894    0.03844    0.03784    0.03715    0.03636    0.03549    0.03452    0.03347    0.03233    0.03111    0.02982    0.02845    0.02701     0.0255    0.02393     0.0223    0.02061    0.01888    0.01709    0.01526     0.0134     0.0115   0.009567   0.007615   0.005643   0.003658   0.001663 -0.0003362  -0.002334  -0.004327  -0.006308  -0.008274   -0.01022   -0.01214   -0.01403   -0.01588    -0.0177   -0.01947   -0.02119   -0.02286   -0.02447   -0.02602    -0.0275   -0.02892   -0.03026   -0.03153   -0.03272   -0.03383   -0.03485   -0.03579   -0.03664   -0.03739   -0.03805   -0.03862   -0.03909   -0.03946   -0.03974   -0.03991   -0.03999   -0.03996   -0.03984   -0.03961   -0.03929   -0.03887
(000:099:001,005) =          0   0.002498    0.00499   0.007469   0.009929    0.01237    0.01477    0.01714    0.01946    0.02174    0.02396    0.02612    0.02822    0.03025     0.0322    0.03407    0.03585    0.03755    0.03915    0.04065    0.04206    0.04335    0.04454    0.04562    0.04658    0.04743    0.04816    0.04877    0.04925    0.04961    0.04985    0.04997    0.04996    0.04982    0.04956    0.04918    0.04867    0.04804     0.0473    0.04643    0.04545    0.04435    0.04314    0.04183    0.04041    0.03889    0.03727    0.03556    0.03376    0.03187    0.02991    0.02787    0.02576    0.02359    0.02136    0.01908    0.01674    0.01437    0.01196   0.009517   0.007053   0.004571   0.002078 -0.0004202  -0.002917  -0.005408  -0.007884   -0.01034   -0.01277   -0.01517   -0.01753   -0.01985   -0.02212   -0.02433   -0.02648   -0.02857   -0.03058   -0.03252   -0.03437   -0.03614   -0.03782   -0.03941    -0.0409   -0.04228   -0.04356   -0.04473   -0.04579   -0.04673   -0.04756   -0.04827   -0.04886   -0.04932   -0.04966   -0.04988   -0.04998   -0.04994   -0.04979   -0.04951    -0.0491   -0.04857
(000:099:001,006) =          0   0.002997   0.005986   0.008961    0.01191    0.01484    0.01772    0.02056    0.02335    0.02608    0.02875    0.03134    0.03386    0.03629    0.03863    0.04087    0.04302    0.04505    0.04697    0.04878    0.05046    0.05201    0.05344    0.05473    0.05589     0.0569    0.05778    0.05851    0.05909    0.05953    0.05981    0.05995    0.05994    0.05978    0.05946      0.059     0.0584    0.05764    0.05674     0.0557    0.05453    0.05321    0.05176    0.05018    0.04848    0.04666    0.04472    0.04266     0.0405    0.03824    0.03589    0.03344    0.03091     0.0283    0.02563    0.02289    0.02009    0.01724    0.01435    0.01142   0.008462   0.005485   0.002493 -0.0005041    -0.0035  -0.006488  -0.009459   -0.01241   -0.01532    -0.0182   -0.02103   -0.02381   -0.02654   -0.02919   -0.03177   -0.03427   -0.03669   -0.03901   -0.04124   -0.04337   -0.04538   -0.04728   -0.04907   -0.05073   -0.05226   -0.05367   -0.05494   -0.05607   -0.05706   -0.05791   -0.05862   -0.05918   -0.05959   -0.05985   -0.05996   -0.05992   -0.05973    -0.0594   -0.05891   -0.05828
(000:099:001,007) =          0   0.003496   0.006983    0.01045     0.0139     0.0173    0.02067    0.02398    0.02724    0.03042    0.03353    0.03656    0.03949    0.04233    0.04506    0.04768    0.05017    0.05255    0.05479    0.05689    0.05885    0.06067    0.06233    0.06384    0.06519    0.06637    0.06739    0.06824    0.06893    0.06943    0.06977    0.06993    0.06991    0.06972    0.06936    0.06882    0.06811    0.06723    0.06619    0.06497     0.0636    0.06206    0.06038    0.05854    0.05655    0.05442    0.05216    0.04976    0.04724    0.04461    0.04186    0.03901    0.03606    0.03302    0.02989    0.02669    0.02343    0.02011    0.01673    0.01332    0.00987   0.006397   0.002908  -0.000588  -0.004083  -0.007567   -0.01103   -0.01447   -0.01787   -0.02123   -0.02453   -0.02778   -0.03095   -0.03405   -0.03706   -0.03998    -0.0428   -0.04551    -0.0481   -0.05058   -0.05293   -0.05515   -0.05723   -0.05917   -0.06096    -0.0626   -0.06408    -0.0654   -0.06656   -0.06755   -0.06837   -0.06902    -0.0695   -0.06981   -0.06994   -0.06989   -0.06967   -0.06928   -0.06872   -0.06798
(000:099:001,008) =          0   0.003994   0.007978    0.01194    0.01588    0.01977    0.02362     0.0274    0.03112    0.03476    0.03831    0.04177    0.04512    0.04836    0.05148    0.05447    0.05733    0.06004     0.0626      0.065    0.06725    0.06932    0.07122    0.07294    0.07448    0.07584      0.077    0.07797    0.07875    0.07933    0.07971     0.0799    0.07988    0.07966    0.07925    0.07863    0.07782    0.07682    0.07562    0.07424    0.07267    0.07091    0.06898    0.06688    0.06461    0.06218    0.05959    0.05686    0.05398    0.05097    0.04783    0.04457     0.0412    0.03772    0.03415     0.0305    0.02677    0.02297    0.01912    0.01522    0.01128   0.007309   0.003323 -0.0006719  -0.004665  -0.008646   -0.01261   -0.01653   -0.02042   -0.02426   -0.02803   -0.03174   -0.03536    -0.0389   -0.04234   -0.04568    -0.0489   -0.05199   -0.05496   -0.05779   -0.06048   -0.06301   -0.06539   -0.06761   -0.06965   -0.07152   -0.07322   -0.07472   -0.07605   -0.07718   -0.07812   -0.07886   -0.07941   -0.07976   -0.07991   -0.07986   -0.07961   -0.07916   -0.07851   -0.07767
(000:099:001,009) =          0   0.004492   0.008973    0.01343    0.01786    0.02224    0.02656    0.03082      0.035    0.03909    0.04309    0.04698    0.05075    0.05439     0.0579    0.06126    0.06447    0.06752     0.0704    0.07311    0.07563    0.07796     0.0801    0.08204    0.08377    0.08529     0.0866     0.0877    0.08857    0.08922    0.08965    0.08986    0.08984     0.0896    0.08913    0.08844    0.08753     0.0864    0.08505    0.08349    0.08173    0.07975    0.07758    0.07522    0.07267    0.06993    0.06702    0.06395    0.06071    0.05732    0.05379    0.05012    0.04633    0.04243    0.03841     0.0343    0.03011    0.02584     0.0215    0.01711    0.01268   0.008221   0.003737 -0.0007556  -0.005247  -0.009724   -0.01418    -0.0186   -0.02297   -0.02728   -0.03153    -0.0357   -0.03977   -0.04375   -0.04762   -0.05137   -0.05499   -0.05848   -0.06182     -0.065   -0.06802   -0.07087   -0.07355   -0.07604   -0.07834   -0.08044   -0.08234   -0.08404   -0.08553    -0.0868   -0.08786    -0.0887   -0.08931    -0.0897   -0.08987   -0.08981   -0.08953   -0.08903    -0.0883   -0.08735

gradW
(000:099:001,000) =          0          0          0          0          0          0          0          0          0          0          0          0          0          0          0          0          0          0          0          0          0          0          0          0          0          0          0          0          0          0          0          0          0          0          0          0          0          0          0          0          0          0          0          0          0          0          0          0          0          0          0          0          0          0          0          0          0          0          0          0          0          0          0          0          0          0          0          0          0          0          0          0          0          0          0          0          0          0          0          0          0          0          0          0          0          0          0          0          0          0          0          0          0          0          0          0          0          0          0          0
(000:099:001,001) =          0  0.0009983  0.0009946  0.0009883  0.0009796  0.0009685  0.0009549   0.000939  0.0009207  0.0009001  0.0008772  0.0008522   0.000825  0.0007957  0.0007645  0.0007314  0.0006964  0.0006597  0.0006213  0.0005814  0.0005401  0.0004974  0.0004534  0.0004083  0.0003622  0.0003152  0.0002674  0.0002189  0.0001699  0.0001205  7.071e-05  2.079e-05 -2.919e-05 -7.909e-05 -0.0001288 -0.0001782 -0.0002271 -0.0002755 -0.0003231   -0.00037  -0.000416 -0.0004609 -0.0005046 -0.0005471 -0.0005882 -0.0006279  -0.000666 -0.0007024 -0.0007371 -0.0007699 -0.0008008 -0.0008297 -0.0008565 -0.0008812 -0.0009037 -0.0009239 -0.0009418 -0.0009574 -0.0009705 -0.0009813 -0.0009896 -0.0009954 -0.0009987 -0.0009995 -0.0009979 -0.0009937 -0.0009871 -0.0009779 -0.0009664 -0.0009524 -0.0009361 -0.0009174 -0.0008964 -0.0008731 -0.0008477 -0.0008202 -0.0007906 -0.0007591 -0.0007256 -0.0006904 -0.0006534 -0.0006147 -0.0005746  -0.000533   -0.00049 -0.0004459 -0.0004006 -0.0003544 -0.0003072 -0.0002593 -0.0002107 -0.0001616 -0.0001121 -6.232e-05 -1.238e-05  3.759e-05  8.746e-05  0.0001371  0.0001864          0
(000:099:001,002) =          0   0.001997   0.001989   0.001977   0.001959   0.001937    0.00191   0.001878   0.001841     0.0018   0.001754   0.001704    0.00165   0.001591   0.001529   0.001463   0.001393   0.001319   0.001243   0.001163    0.00108  0.0009947  0.0009068  0.0008166  0.0007244  0.0006303  0.0005347  0.0004378  0.0003398  0.0002409  0.0001414  4.157e-05 -5.837e-05 -0.0001582 -0.0002576 -0.0003563 -0.0004542 -0.0005509 -0.0006463   -0.00074 -0.0008319 -0.0009217  -0.001009  -0.001094  -0.001176  -0.001256  -0.001332  -0.001405  -0.001474   -0.00154  -0.001602  -0.001659  -0.001713  -0.001762  -0.001807  -0.001848  -0.001884  -0.001915  -0.001941  -0.001962  -0.001979  -0.001991  -0.001997  -0.001999  -0.001996  -0.001987  -0.001974  -0.001956  -0.001933  -0.001905  -0.001872  -0.001835  -0.001793  -0.001746  -0.001695   -0.00164  -0.001581  -0.001518  -0.001451  -0.001381  -0.001307  -0.001229  -0.001149  -0.001066   -0.00098 -0.0008917 -0.0008012 -0.0007087 -0.0006144 -0.0005185 -0.0004214 -0.0003232 -0.0002242 -0.0001246 -2.477e-05  7.517e-05  0.0001749  0.0002742  0.0003728          0
(000:099:001,003) =          0   0.002995   0.002983   0.002965   0.002939   0.002905   0.002864   0.002817   0.002762     0.0027   0.002631   0.002556   0.002475   0.002387   0.002293   0.002194   0.002089   0.001979   0.001864   0.001744    0.00162   0.001492    0.00136   0.001225   0.001086  0.0009454   0.000802  0.0006566  0.0005096  0.0003613  0.0002121  6.235e-05 -8.755e-05 -0.0002372 -0.0003863 -0.0005344 -0.0006812 -0.0008263 -0.0009693   -0.00111  -0.001248  -0.001382  -0.001514  -0.001641  -0.001765  -0.001883  -0.001998  -0.002107  -0.002211  -0.002309  -0.002402  -0.002489  -0.002569  -0.002643  -0.002711  -0.002771  -0.002825  -0.002872  -0.002911  -0.002943  -0.002968  -0.002986  -0.002996  -0.002998  -0.002993  -0.002981  -0.002961  -0.002933  -0.002899  -0.002857  -0.002808  -0.002752  -0.002689  -0.002619  -0.002543   -0.00246  -0.002372  -0.002277  -0.002177  -0.002071   -0.00196  -0.001844  -0.001723  -0.001599   -0.00147  -0.001338  -0.001202  -0.001063 -0.0009215 -0.0007777  -0.000632 -0.0004848 -0.0003363 -0.0001869 -3.714e-05  0.0001127  0.0002623  0.0004113  0.0005592          0
(000:099:001,004) =          0   0.003992   0.003977   0.003952   0.003918   0.003873   0.003819   0.003755   0.003682   0.003599   0.003508   0.003408   0.003299   0.003182   0.003057   0.002925   0.002785   0.002638   0.002485   0.002325    0.00216   0.001989   0.001813   0.001633   0.001448    0.00126   0.001069  0.0008754  0.0006794  0.0004817  0.0002828  8.312e-05 -0.0001167 -0.0003163  -0.000515 -0.0007125 -0.0009082  -0.001102  -0.001292   -0.00148  -0.001663  -0.001843  -0.002018  -0.002188  -0.002352  -0.002511  -0.002663  -0.002809  -0.002948  -0.003079  -0.003202  -0.003318  -0.003425  -0.003524  -0.003614  -0.003695  -0.003766  -0.003829  -0.003881  -0.003924  -0.003957  -0.003981  -0.003994  -0.003997   -0.00399  -0.003974  -0.003947  -0.003911  -0.003865  -0.003809  -0.003743  -0.003669  -0.003585  -0.003492   -0.00339   -0.00328  -0.003162  -0.003036  -0.002902  -0.002761  -0.002613  -0.002458  -0.002298  -0.002131   -0.00196  -0.001783  -0.001602  -0.001417  -0.001228  -0.001037 -0.0008426 -0.0006463 -0.0004483 -0.0002492 -4.952e-05  0.0001503  0.0003498  0.0005483  0.0007455          0
(000:099:001,005) =          0    0.00499   0.004971    0.00494   0.004896   0.004841   0.004773   0.004693   0.004601   0.004498   0.004384   0.004259   0.004123   0.003977   0.003821   0.003655   0.003481   0.003297   0.003105   0.002906   0.002699   0.002486   0.002266   0.002041    0.00181   0.001575   0.001336   0.001094  0.0008491   0.000602  0.0003534  0.0001039 -0.0001459 -0.0003953 -0.0006437 -0.0008905  -0.001135  -0.001377  -0.001615  -0.001849  -0.002079  -0.002303  -0.002522  -0.002735   -0.00294  -0.003138  -0.003329  -0.003511  -0.003684  -0.003848  -0.004002  -0.004147  -0.004281  -0.004404  -0.004517  -0.004618  -0.004707  -0.004785  -0.004851  -0.004904  -0.004946  -0.004975  -0.004992  -0.004996  -0.004987  -0.004967  -0.004933  -0.004888   -0.00483   -0.00476  -0.004678  -0.004585   -0.00448  -0.004364  -0.004237  -0.004099  -0.003952  -0.003794  -0.003627   -0.00345  -0.003265  -0.003072  -0.002872  -0.002664  -0.002449  -0.002229  -0.002002  -0.001771  -0.001535  -0.001296  -0.001053 -0.0008077 -0.0005603 -0.0003115 -6.189e-05  0.0001879  0.0004371  0.0006853  0.0009318          0
(000:099:001,006) =          0   0.005986   0.005964   0.005927   0.005874   0.005808   0.005726   0.005631   0.005521   0.005397    0.00526    0.00511   0.004947   0.004772   0.004584   0.004386   0.004176   0.003956   0.003726   0.003487   0.003239   0.002982   0.002719   0.002448   0.002172    0.00189   0.001603   0.001313   0.001019  0.0007223   0.000424  0.0001246  -0.000175 -0.0004742 -0.0007723  -0.001068  -0.001362  -0.001652  -0.001938  -0.002219  -0.002494  -0.002764  -0.003026  -0.003281  -0.003527  -0.003765  -0.003994  -0.004212   -0.00442  -0.004617  -0.004802  -0.004975  -0.005136  -0.005284  -0.005419   -0.00554  -0.005648  -0.005741   -0.00582  -0.005884  -0.005934  -0.005969  -0.005989  -0.005994  -0.005984  -0.005959  -0.005919  -0.005864  -0.005795  -0.005711  -0.005613  -0.005501  -0.005375  -0.005236  -0.005083  -0.004918  -0.004741  -0.004552  -0.004351   -0.00414  -0.003918  -0.003686  -0.003445  -0.003196  -0.002939  -0.002674  -0.002402  -0.002125  -0.001842  -0.001555  -0.001263 -0.0009691 -0.0006722 -0.0003737 -7.426e-05  0.0002254  0.0005245  0.0008222   0.001118          0
(000:099:001,007) =          0   0.006983   0.006956   0.006913   0.006852   0.006774   0.006679   0.006568   0.006439   0.006295   0.006136    0.00596    0.00577   0.005566   0.005347   0.005116   0.004871   0.004614   0.004346   0.004067   0.003777   0.003479   0.003171   0.002856   0.002533   0.002205    0.00187   0.001531   0.001188  0.0008425  0.0004946  0.0001454 -0.0002041 -0.0005532 -0.0009008  -0.001246  -0.001588  -0.001927   -0.00226  -0.002588  -0.002909  -0.003224   -0.00353  -0.003827  -0.004114  -0.004392  -0.004658  -0.004913  -0.005155  -0.005385  -0.005601  -0.005803  -0.005991  -0.006163  -0.006321  -0.006462  -0.006587  -0.006696  -0.006788  -0.006863  -0.006921  -0.006962  -0.006985  -0.006991  -0.006979   -0.00695  -0.006904   -0.00684  -0.006759  -0.006662  -0.006547  -0.006416   -0.00627  -0.006107  -0.005929  -0.005737   -0.00553  -0.005309  -0.005075  -0.004829   -0.00457    -0.0043  -0.004019  -0.003728  -0.003428  -0.003119  -0.002802  -0.002479  -0.002149  -0.001813  -0.001474   -0.00113 -0.0007841 -0.0004359 -8.661e-05  0.0002629  0.0006117  0.0009591   0.001304          0
(000:099:001,008) =          0   0.007978   0.007948   0.007898   0.007829    0.00774   0.007631   0.007504   0.007358   0.007193    0.00701    0.00681   0.006593   0.006359    0.00611   0.005845   0.005565   0.005272   0.004966   0.004647   0.004316   0.003975   0.003623   0.003263   0.002895   0.002519   0.002137   0.001749   0.001358  0.0009626  0.0005651  0.0001661 -0.0002332  -0.000632  -0.001029  -0.001424  -0.001815  -0.002201  -0.002582  -0.002957  -0.003324  -0.003683  -0.004033  -0.004372  -0.004701  -0.005018  -0.005322  -0.005613   -0.00589  -0.006153    -0.0064  -0.006631  -0.006845  -0.007042  -0.007222  -0.007383  -0.007527  -0.007651  -0.007756  -0.007842  -0.007908  -0.007955  -0.007981  -0.007988  -0.007975  -0.007941  -0.007888  -0.007815  -0.007723  -0.007611  -0.007481  -0.007331  -0.007163  -0.006978  -0.006775  -0.006555  -0.006318  -0.006066  -0.005799  -0.005517  -0.005221  -0.004913  -0.004592  -0.004259  -0.003916  -0.003563  -0.003202  -0.002832  -0.002455  -0.002072  -0.001684  -0.001291 -0.0008959  -0.000498 -9.896e-05  0.0003004   0.000699   0.001096    0.00149          0
(000:099:001,009) =          0          0          0          0          0          0          0          0          0          0          0          0          0          0          0          0          0          0          0          0          0          0          0          0          0          0          0          0          0          0          0          0          0          0          0          0          0          0          0          0          0          0          0          0          0          0          0          0          0          0          0          0          0          0          0          0          0          0          0          0          0          0          0          0          0          0          0          0          0          0          0          0          0          0          0          0          0          0          0          0          0          0          0          0          0          0          0          0          0          0          0          0          0          0          0          0          0          0          0          0

(000:099:001,000) =          0          0          0          0          0          0          0          0          0          0          0          0          0          0          0          0          0          0          0          0          0          0          0          0          0          0          0          0          0          0          0          0          0          0          0          0          0          0          0          0          0          0          0          0          0          0          0          0          0          0          0          0          0          0          0          0          0          0          0          0          0          0          0          0          0          0          0          0          0          0          0          0          0          0          0          0          0          0          0          0          0          0          0          0          0          0          0          0          0          0          0          0          0          0          0          0          0          0          0          0
(000:099:001,001) =          0  0.0009995   0.001997   0.002989   0.003973   0.004948    0.00591   0.006857   0.007788   0.008699   0.009588    0.01045    0.01129     0.0121    0.01288    0.01363    0.01435    0.01502    0.01567    0.01627    0.01683    0.01735    0.01782    0.01825    0.01864    0.01898    0.01927    0.01951    0.01971    0.01985    0.01995    0.01999    0.01999    0.01994    0.01983    0.01968    0.01948    0.01922    0.01892    0.01858    0.01818    0.01775    0.01726    0.01674    0.01617    0.01556    0.01491    0.01423    0.01351    0.01275    0.01197    0.01115    0.01031    0.00944   0.008547   0.007633   0.006699   0.005749   0.004785   0.003808   0.002822   0.001829  0.0008316 -0.0001681  -0.001167  -0.002164  -0.003155  -0.004138   -0.00511   -0.00607  -0.007015  -0.007942   -0.00885  -0.009735    -0.0106   -0.01143   -0.01224   -0.01301   -0.01375   -0.01446   -0.01514   -0.01577   -0.01636   -0.01692   -0.01743    -0.0179   -0.01832    -0.0187   -0.01903   -0.01931   -0.01955   -0.01974   -0.01987   -0.01996      -0.02   -0.01998   -0.01992   -0.01981   -0.01965          0
(000:099:001,002) =          0  0.0009994   0.001996   0.002988   0.003973   0.004947   0.005909   0.006856   0.007787   0.008697   0.009586    0.01045    0.01129     0.0121    0.01288    0.01363    0.01434    0.01502    0.01566    0.01626    0.01683    0.01734    0.01782    0.01825    0.01864    0.01898    0.01927    0.01951     0.0197    0.01985    0.01995    0.01999    0.01999    0.01993    0.01983    0.01968    0.01947    0.01922    0.01892    0.01858    0.01818    0.01774    0.01726    0.01673    0.01617    0.01556    0.01491    0.01423    0.01351    0.01275    0.01197    0.01115    0.01031   0.009439   0.008546   0.007632   0.006698   0.005748   0.004784   0.003808   0.002822   0.001829  0.0008314 -0.0001681  -0.001167  -0.002163  -0.003154  -0.004137   -0.00511   -0.00607  -0.007014  -0.007941  -0.008848  -0.009734   -0.01059   -0.01143   -0.01223   -0.01301   -0.01375   -0.01446   -0.01513   -0.01577   -0.01636   -0.01692   -0.01743    -0.0179   -0.01832    -0.0187   -0.01903   -0.01931   -0.01955   -0.01973   -0.01987   -0.01996   -0.01999   -0.01998   -0.01992   -0.01981   -0.01964          0
(000:099:001,003) =          0  0.0009991   0.001996   0.002987   0.003972   0.004946   0.005908   0.006855   0.007785   0.008695   0.009584    0.01045    0.01129     0.0121    0.01288    0.01363    0.01434    0.01502    0.01566    0.01626    0.01682    0.01734    0.01782    0.01825    0.01863    0.01897    0.01926    0.01951     0.0197    0.01984    0.01994    0.01999    0.01998    0.01993    0.01982    0.01967    0.01947    0.01922    0.01892    0.01857    0.01818    0.01774    0.01726    0.01673    0.01616    0.01555    0.01491    0.01422     0.0135    0.01275    0.01196    0.01115    0.01031   0.009436   0.008544    0.00763   0.006697   0.005747   0.004783   0.003807   0.002821   0.001828  0.0008312 -0.0001681  -0.001167  -0.002163  -0.003153  -0.004136  -0.005108  -0.006068  -0.007012  -0.007939  -0.008846  -0.009731   -0.01059   -0.01143   -0.01223   -0.01301   -0.01375   -0.01446   -0.01513   -0.01576   -0.01636   -0.01691   -0.01742   -0.01789   -0.01831   -0.01869   -0.01902   -0.01931   -0.01954   -0.01973   -0.01986   -0.01995   -0.01999   -0.01998   -0.01991    -0.0198   -0.01964          0
(000:099:001,004) =          0  0.0009988   0.001995   0.002986    0.00397   0.004944   0.005906   0.006852   0.007782   0.008692   0.009581    0.01045    0.01128    0.01209    0.01287    0.01362    0.01434    0.01501    0.01565    0.01626    0.01682    0.01733    0.01781    0.01824    0.01863    0.01896    0.01926     0.0195    0.01969    0.01984    0.01993    0.01998    0.01998    0.01992    0.01982    0.01966    0.01946    0.01921    0.01891    0.01856    0.01817    0.01773    0.01725    0.01672    0.01616    0.01555     0.0149    0.01422     0.0135    0.01274    0.01196    0.01114     0.0103   0.009433   0.008541   0.007627   0.006694   0.005745   0.004781   0.003805    0.00282   0.001828  0.0008309  -0.000168  -0.001167  -0.002162  -0.003152  -0.004135  -0.005107  -0.006066   -0.00701  -0.007936  -0.008843  -0.009728   -0.01059   -0.01142   -0.01223     -0.013   -0.01374   -0.01445   -0.01512   -0.01576   -0.01635   -0.01691   -0.01742   -0.01789   -0.01831   -0.01869   -0.01902    -0.0193   -0.01953   -0.01972   -0.01986   -0.01994   -0.01998   -0.01997   -0.01991   -0.01979   -0.01963          0
(000:099:001,005) =          0  0.0009983   0.001994   0.002985   0.003968   0.004942   0.005903   0.006849   0.007779   0.008688   0.009576    0.01044    0.01128    0.01209    0.01287    0.01362    0.01433    0.01501    0.01565    0.01625    0.01681    0.01733     0.0178    0.01823    0.01862    0.01896    0.01925    0.01949    0.01968    0.01983    0.01992    0.01997    0.01997    0.01991    0.01981    0.01965    0.01945     0.0192     0.0189    0.01856    0.01816    0.01772    0.01724    0.01672    0.01615    0.01554     0.0149    0.01421    0.01349    0.01274    0.01195    0.01114     0.0103   0.009429   0.008537   0.007624   0.006691   0.005742   0.004779   0.003804   0.002819   0.001827  0.0008306 -0.0001679  -0.001166  -0.002161  -0.003151  -0.004133  -0.005104  -0.006063  -0.007007  -0.007933  -0.008839  -0.009723   -0.01058   -0.01142   -0.01222     -0.013   -0.01374   -0.01445   -0.01512   -0.01575   -0.01634    -0.0169   -0.01741   -0.01788    -0.0183   -0.01868   -0.01901   -0.01929   -0.01953   -0.01971   -0.01985   -0.01994   -0.01997   -0.01996    -0.0199   -0.01979   -0.01962          0
(000:099:001,006) =          0  0.0009978   0.001993   0.002983   0.003966   0.004939     0.0059   0.006846   0.007774   0.008684   0.009571    0.01043    0.01127    0.01208    0.01286    0.01361    0.01432      0.015    0.01564    0.01624     0.0168    0.01732    0.01779    0.01822    0.01861    0.01895    0.01924    0.01948    0.01967    0.01982    0.01991    0.01996    0.01996     0.0199     0.0198    0.01964    0.01944    0.01919    0.01889    0.01855    0.01815    0.01772    0.01723    0.01671    0.01614    0.01553    0.01489     0.0142    0.01348    0.01273    0.01195    0.01113    0.01029   0.009423   0.008532   0.007619   0.006688   0.005739   0.004776   0.003802   0.002817   0.001826  0.0008301 -0.0001678  -0.001165   -0.00216  -0.003149  -0.004131  -0.005102   -0.00606  -0.007003  -0.007929  -0.008834  -0.009718   -0.01058   -0.01141   -0.01221   -0.01299   -0.01373   -0.01444   -0.01511   -0.01574   -0.01634   -0.01689    -0.0174   -0.01787   -0.01829   -0.01867     -0.019   -0.01928   -0.01952    -0.0197   -0.01984   -0.01992   -0.01996   -0.01995   -0.01989   -0.01977   -0.01961          0
(000:099:001,007) =          0  0.0009971   0.001992   0.002981   0.003964   0.004936   0.005896   0.006841   0.007769   0.008678   0.009565    0.01043    0.01127    0.01207    0.01285     0.0136    0.01431    0.01499    0.01563    0.01623    0.01679    0.01731    0.01778    0.01821    0.01859    0.01893    0.01922    0.01947    0.01966    0.01981     0.0199    0.01995    0.01994    0.01989    0.01978    0.01963    0.01943    0.01918    0.01888    0.01853    0.01814     0.0177    0.01722     0.0167    0.01613    0.01552    0.01488    0.01419    0.01348    0.01272    0.01194    0.01113    0.01028   0.009417   0.008527   0.007614   0.006683   0.005735   0.004773   0.003799   0.002815   0.001825  0.0008296 -0.0001677  -0.001165  -0.002159  -0.003147  -0.004128  -0.005098  -0.006056  -0.006998  -0.007923  -0.008829  -0.009712   -0.01057    -0.0114   -0.01221   -0.01298   -0.01372   -0.01443    -0.0151   -0.01573   -0.01633   -0.01688   -0.01739   -0.01786   -0.01828   -0.01865   -0.01899   -0.01927    -0.0195   -0.01969   -0.01982   -0.01991   -0.01995   -0.01994   -0.01987   -0.01976    -0.0196          0
(000:099:001,008) =          0  0.0009964    0.00199   0.002979   0.003961   0.004932   0.005891   0.006836   0.007763   0.008671   0.009558    0.01042    0.01126    0.01206    0.01284    0.01359     0.0143    0.01498    0.01562    0.01622    0.01678    0.01729    0.01777     0.0182    0.01858    0.01892    0.01921    0.01945    0.01965    0.01979    0.01989    0.01993    0.01993    0.01987    0.01977    0.01962    0.01941    0.01916    0.01887    0.01852    0.01813    0.01769    0.01721    0.01668    0.01612    0.01551    0.01487    0.01418    0.01347    0.01271    0.01193    0.01112    0.01028    0.00941    0.00852   0.007609   0.006678   0.005731    0.00477   0.003796   0.002813   0.001823  0.0008289 -0.0001676  -0.001164  -0.002157  -0.003145  -0.004125  -0.005094  -0.006051  -0.006993  -0.007917  -0.008822  -0.009704   -0.01056   -0.01139    -0.0122   -0.01297   -0.01371   -0.01442   -0.01509   -0.01572   -0.01631   -0.01687   -0.01738   -0.01784   -0.01826   -0.01864   -0.01897   -0.01925   -0.01949   -0.01967   -0.01981    -0.0199   -0.01993   -0.01992   -0.01986   -0.01975   -0.01959          0
(000:099:001,009) =          0          0          0          0          0          0          0          0          0          0          0          0          0          0          0          0          0          0          0          0          0          0          0          0          0          0          0          0          0          0          0          0          0          0          0          0          0          0          0          0          0          0          0          0          0          0          0          0          0          0          0          0          0          0          0          0          0          0          0          0          0          0          0          0          0          0          0          0          0          0          0          0          0          0          0          0          0          0          0          0          0          0          0          0          0          0          0          0          0          0          0          0          0          0          0          0          0          0          0          0

